113 119 101 114 116 121 117 105 111 112
97  115 100 102 103 104 106 107 108
122 120 99  118  98 110 109 

81  87  69  82  84  89  85  73  79  80 
65  83  68  70  71  72  74  75  76  
90  88  67  86  66  78  77 


-23 -10 -13 -22 -27 -19 -29 -8  -7  -25 -11 -65
-12 -77 -30 -32 -17 -16 -18 -21 -28 -26 -70 
-1 -9 -15 -20 -24 -14 -4 -31 -2 

-55 -42 -45 -54 -59 -51 -61 -40 -39 -57 -43 -81 
-44 -78 -62 -64 -49 -48 -50 -53 -60 -58 -86 

-33 -41 -47 -52 -56 -46 -36 -63 -34 



-72 -5 -3 -6 
-88 -37 -35 -38 


48  49  50  51 52 53 54 55 56 57 

126 33 64 35 36 37 94 38 42 40 41 95 43 45 46 44 47 92 124 60 62 58 59 61 63 34 39 94 32 96
 