113 119 101 114 116 121 117 105 111 112
97  115 100 102 103 104 106 107 108
122 120 99  118 98  110 109

81  87  69  82  84  89  85  73  79  80
65  83  68  70  71  72  74  75  76
90  88  67  86  66  78  77

1081 1094 1091 1082 1077 1085 1075 1096 1097 1079 1093 1111
1092 1110 1074 1072 1087 1088 1086 1083 1076 1078 1108
1103 1095 1089 1084 1080 1090 1100 1073 1102

1049 1062 1059 1050 1045 1053 1043 1064 1065 1047 1061 1031
1060 1030 1042 1040 1055 1056 1054 1051 1044 1046 1028
1071 1063 1057 1052 1048 1058 1068 1041 1070

1105 1099 1101 1098
1025 1067 1069 1066

48  49 50 51 52 53 54 55 56 57

126 33 64 35 36 37 94 38 42 40 41 95 43 45 46 44 47 92 124 60 62 58 59 61 63 34 39 94 32 96
